1
10
100
101
102
103
104
105
106
107
108
109
11
110
111
112
113
114
115
117
118
119
12
120
123
124
125
128
129
13
130
131
132
133
134
135
136
137
138
139
14
140
141
142
143
144
146
147
148
149
150
151
152
153
154
156
157
159
160
161
162
163
164
165
166
167
168
170
171
172
173
174
176
177
178
179
18
180
181
184
185
187
188
189
19
190
191
192
193
194
195
197
198
199
2
20
200
201
202
203
204
206
208
209
21
210
211
212
213
214
215
216
217
218
219
22
220
221
222
224
225
226
228
229
23
230
231
232
233
234
235
236
237
238
239
24
240
241
242
243
244
245
246
247
248
249
25
250
251
252
253
254
255
256
257
258
26
260
261
262
263
265
266
267
268
269
270
271
273
274
275
277
278
279
28
280
281
283
284
286
287
288
289
290
291
292
295
298
3
30
301
302
303
9
90
91
93
94
95
96
97
98
99
